1 	33 	9 	V
2 	1 	7 	H
3 	49 	2 	V
4 	181 	9 	H
5 	228 	7 	V
6 	215 	3 	R
7 	40 	9 	V
8 	157 	5 	V
9 	183 	2 	H
10 	178 	3 	V
11 	133 	7 	R
12 	30 	2 	V
13 	212 	3 	H
14 	168 	5 	H
15 	6 	5 	H
16 	156 	7 	V
17 	81 	3 	H
18 	227 	7 	H
19 	130 	2 	H
20 	178 	1 	H
21 	34 	2 	H
22 	215 	5 	R
23 	121 	8 	V
24 	9 	9 	V
25 	52 	8 	V
26 	20 	1 	V
27 	10 	0 	H
28 	67 	7 	H
29 	214 	2 	V
30 	106 	4 	V
31 	93 	7 	V
32 	41 	4 	H
33 	18 	3 	V
34 	90 	4 	V
35 	196 	6 	V
36 	80 	8 	V
37 	240 	2 	V
38 	200 	0 	H
39 	220 	2 	H
40 	192 	1 	V
41 	61 	9 	H
42 	46 	6 	R
43 	244 	9 	H
44 	12 	9 	V
45 	21 	5 	V
46 	9 	5 	H
47 	161 	7 	H
48 	146 	3 	V
49 	203 	2 	H
50 	220 	0 	V
51 	241 	2 	H
52 	41 	0 	H
53 	47 	2 	H
54 	7 	6 	H
55 	178 	4 	V
56 	20 	9 	H
57 	180 	7 	V
58 	21 	5 	V
59 	171 	2 	V
60 	20 	3 	H
61 	137 	7 	V
62 	134 	7 	V
63 	181 	0 	H
64 	51 	5 	V
65 	180 	6 	H
66 	229 	5 	R
67 	86 	6 	V
68 	31 	0 	V
69 	157 	1 	R
70 	237 	5 	V
71 	180 	9 	H
72 	120 	8 	V
73 	88 	0 	H
74 	246 	6 	V
75 	189 	6 	H
76 	122 	8 	R
77 	43 	7 	V
78 	133 	2 	H
79 	26 	1 	V
80 	236 	6 	V
81 	191 	5 	H
82 	76 	0 	H
83 	120 	1 	H
84 	61 	6 	V
85 	52 	1 	H
86 	2 	9 	H
87 	198 	4 	R
88 	23 	8 	V
89 	7 	6 	H
90 	142 	2 	H
91 	53 	5 	R
92 	40 	9 	H
93 	55 	7 	R
94 	212 	5 	R
95 	150 	6 	V
96 	13 	4 	V
97 	225 	4 	V
98 	86 	4 	H
99 	90 	9 	H
100 	242 	8 	H
101 	203 	8 	H
102 	137 	5 	V
103 	140 	6 	R
104 	216 	9 	H
105 	143 	6 	H
106 	60 	1 	H
107 	188 	5 	V
108 	128 	3 	H
109 	219 	1 	H
110 	81 	9 	H
111 	79 	8 	H
112 	161 	6 	V
113 	180 	8 	H
114 	230 	9 	V
115 	140 	9 	V
116 	82 	0 	V
117 	20 	7 	H
118 	140 	9 	H
119 	103 	8 	H
120 	214 	0 	V
121 	186 	2 	V
122 	150 	4 	V
123 	101 	2 	V
124 	159 	6 	H
125 	165 	9 	V
126 	83 	3 	V
127 	85 	3 	V
128 	47 	3 	H
129 	117 	6 	V
130 	167 	2 	V
131 	19 	6 	H
132 	116 	4 	R
133 	59 	4 	V
134 	137 	5 	V
135 	148 	9 	H
136 	249 	9 	V
137 	163 	4 	H
138 	109 	8 	H
139 	170 	4 	H
140 	137 	5 	V
141 	64 	6 	V
142 	70 	2 	V
143 	86 	9 	V
144 	213 	8 	H
145 	208 	0 	H
146 	136 	1 	H
147 	211 	5 	R
148 	170 	4 	V
149 	238 	2 	H
150 	76 	5 	H
151 	213 	0 	V
152 	227 	4 	H
153 	75 	0 	H
154 	158 	4 	H
155 	120 	5 	V
156 	120 	6 	V
157 	24 	1 	H
158 	86 	3 	H
159 	1 	5 	V
160 	119 	2 	R
161 	184 	0 	R
162 	168 	0 	V
163 	116 	1 	V
164 	221 	0 	V
165 	92 	7 	V
166 	178 	0 	H
167 	68 	3 	H
168 	135 	1 	H
169 	72 	5 	H
170 	188 	9 	H
171 	203 	5 	H
172 	184 	4 	V
173 	107 	6 	H
174 	124 	9 	H
175 	99 	3 	V
176 	98 	6 	H
177 	135 	8 	R
178 	7 	6 	H
179 	191 	0 	R
180 	16 	3 	H
181 	114 	1 	H
182 	108 	5 	H
183 	168 	2 	H
184 	51 	1 	R
185 	39 	9 	V
186 	224 	5 	H
187 	45 	2 	H
188 	163 	1 	R
189 	33 	4 	H
190 	64 	5 	H
191 	242 	1 	R
192 	80 	7 	H
193 	3 	8 	H
194 	63 	9 	H
195 	227 	9 	V
196 	69 	9 	V
197 	40 	6 	H
198 	17 	0 	R
199 	105 	2 	V
200 	206 	9 	V
201 	186 	1 	H
202 	170 	8 	H
203 	225 	7 	R
204 	57 	7 	H
205 	125 	7 	R
206 	6 	2 	V
207 	137 	6 	H
208 	79 	2 	V
209 	114 	4 	H
210 	109 	6 	H
211 	148 	6 	V
212 	177 	6 	V
213 	97 	6 	V
214 	23 	7 	V
215 	187 	4 	V
216 	214 	9 	R
217 	222 	3 	H
218 	237 	4 	V
219 	211 	1 	H
220 	27 	2 	V
221 	3 	7 	R
222 	201 	5 	H
223 	50 	2 	V
224 	166 	7 	H
225 	116 	1 	R
226 	69 	6 	H
227 	144 	4 	V
228 	139 	3 	R
229 	103 	2 	H
230 	229 	2 	H
231 	194 	7 	V
232 	159 	9 	V
233 	112 	5 	H
234 	37 	5 	R
235 	90 	4 	V
236 	26 	3 	H
237 	220 	9 	H
238 	47 	1 	V
239 	72 	8 	H
240 	191 	7 	V
241 	30 	4 	V
242 	94 	6 	H
243 	97 	6 	V
244 	31 	1 	H
245 	248 	6 	V
246 	53 	2 	H
247 	151 	4 	V
248 	240 	7 	H
249 	125 	3 	V
250 	34 	1 	V
251 	170 	1 	V
252 	111 	4 	H
253 	109 	6 	H
254 	151 	6 	H
255 	231 	4 	R
256 	163 	6 	H
257 	59 	0 	R
258 	186 	0 	R
259 	196 	4 	V
260 	84 	4 	H
261 	176 	5 	V
262 	47 	4 	H
263 	79 	7 	H
264 	195 	2 	V
265 	194 	1 	V
266 	101 	5 	H
267 	90 	9 	H
268 	63 	1 	H
269 	21 	2 	H
270 	35 	6 	V
271 	150 	8 	V
272 	151 	1 	H
273 	5 	2 	R
274 	143 	2 	V
275 	127 	9 	H
276 	49 	0 	H
277 	51 	2 	V
278 	215 	5 	V
279 	13 	3 	V
280 	185 	9 	H
281 	104 	2 	V
282 	115 	0 	H
283 	66 	6 	V
284 	211 	6 	H
285 	244 	0 	V
286 	87 	3 	H
287 	228 	5 	V
288 	190 	5 	R
289 	26 	9 	H
290 	86 	6 	V
291 	156 	3 	H
292 	60 	2 	H
293 	78 	3 	V
294 	150 	7 	V
295 	176 	5 	V
296 	131 	2 	H
297 	234 	0 	V
298 	52 	0 	H
299 	52 	3 	V
300 	209 	9 	V
301 	149 	3 	V
302 	230 	8 	V
303 	52 	4 	V
304 	189 	1 	H
305 	7 	8 	R
306 	239 	6 	R
307 	86 	1 	H
308 	20 	0 	H
309 	105 	1 	H
310 	183 	9 	V
311 	116 	0 	V
312 	84 	2 	V
313 	195 	7 	H
314 	235 	4 	H
315 	44 	1 	V
316 	111 	8 	H
317 	27 	9 	H
318 	112 	9 	V
319 	41 	3 	V
320 	5 	8 	H
321 	103 	4 	V
322 	52 	8 	R
323 	222 	9 	H
324 	219 	4 	R
325 	38 	2 	H
326 	46 	5 	V
327 	35 	7 	V
328 	101 	1 	R
329 	127 	6 	V
330 	169 	4 	R
331 	224 	2 	R
332 	117 	2 	H
333 	89 	0 	V
334 	212 	7 	V
335 	139 	2 	H
336 	183 	8 	V
337 	84 	3 	H
338 	40 	6 	H
339 	65 	7 	V
340 	233 	7 	H
341 	19 	4 	V
342 	52 	6 	V
343 	134 	7 	V
344 	194 	1 	V
345 	97 	2 	V
346 	78 	9 	H
347 	14 	3 	V
348 	91 	9 	H
349 	202 	7 	V
350 	164 	0 	R
351 	41 	0 	V
352 	190 	4 	R
353 	155 	4 	H
354 	102 	3 	V
355 	48 	5 	V
356 	87 	2 	H
357 	84 	7 	V
358 	122 	7 	V
359 	56 	2 	V
360 	19 	2 	V
361 	227 	2 	H
362 	151 	1 	H
363 	171 	4 	R
364 	196 	7 	H
365 	117 	4 	V
366 	46 	2 	R
367 	89 	8 	V
368 	19 	6 	V
369 	79 	9 	H
370 	31 	5 	H
371 	6 	5 	V
372 	206 	8 	H
373 	83 	9 	H
374 	31 	3 	R
375 	107 	0 	V
376 	37 	0 	V
377 	84 	4 	R
378 	141 	7 	R
379 	38 	6 	H
380 	233 	8 	H
381 	106 	0 	H
382 	13 	0 	V
383 	178 	6 	V
384 	145 	6 	R
385 	219 	2 	R
386 	94 	2 	V
387 	216 	3 	R
388 	96 	4 	V
389 	67 	4 	H
390 	99 	0 	H
391 	225 	5 	H
392 	234 	1 	V
393 	1 	9 	H
394 	235 	3 	H
395 	207 	0 	H
396 	7 	6 	V
397 	45 	8 	V
398 	224 	8 	R
399 	40 	5 	H
400 	60 	5 	H
401 	112 	9 	V
402 	154 	2 	V
403 	56 	3 	H
404 	85 	0 	V
405 	36 	7 	H
406 	83 	1 	R
407 	194 	5 	V
408 	187 	0 	R
409 	189 	5 	V
410 	104 	8 	V
411 	222 	6 	V
412 	237 	9 	V
413 	197 	7 	V
414 	158 	6 	V
415 	3 	9 	H
416 	110 	1 	H
417 	78 	4 	V
418 	230 	5 	V
419 	44 	6 	H
420 	171 	0 	V
421 	162 	6 	H
422 	249 	1 	V
423 	209 	3 	H
424 	176 	6 	V
425 	117 	9 	R
426 	5 	0 	V
427 	155 	2 	H
428 	106 	9 	V
429 	68 	7 	R
430 	151 	5 	V
431 	140 	6 	H
432 	76 	5 	H
433 	69 	2 	V
434 	10 	2 	V
435 	71 	2 	H
436 	45 	8 	H
437 	16 	9 	H
438 	205 	3 	V
439 	218 	5 	V
440 	46 	3 	V
441 	67 	8 	H
442 	106 	9 	H
443 	123 	5 	R
444 	93 	4 	V
445 	201 	7 	H
446 	115 	5 	V
447 	107 	9 	H
448 	95 	4 	H
449 	237 	7 	H
450 	25 	9 	V
451 	49 	9 	V
452 	96 	6 	H
453 	214 	0 	R
454 	245 	4 	R
455 	84 	9 	V
456 	9 	0 	V
457 	106 	6 	V
458 	197 	3 	H
459 	176 	8 	V
460 	24 	3 	V
461 	36 	5 	H
462 	43 	1 	R
463 	9 	0 	V
464 	195 	8 	H
465 	183 	2 	V
466 	105 	3 	H
467 	169 	2 	V
468 	210 	1 	V
469 	75 	9 	R
470 	211 	6 	H
471 	166 	6 	V
472 	186 	6 	H
473 	114 	0 	H
474 	107 	4 	V
475 	77 	1 	V
476 	245 	4 	H
477 	194 	6 	H
478 	148 	7 	V
479 	150 	4 	V
480 	17 	3 	H
481 	223 	9 	V
482 	145 	7 	H
483 	103 	0 	H
484 	119 	3 	R
485 	56 	8 	V
486 	97 	7 	V
487 	226 	4 	H
488 	224 	4 	V
489 	95 	0 	H
490 	39 	9 	R
491 	125 	5 	H
492 	124 	8 	V
493 	16 	7 	V
494 	183 	9 	H
495 	203 	0 	V
496 	222 	9 	V
497 	141 	7 	V
498 	84 	2 	H
499 	239 	2 	H
500 	198 	3 	R
501 	3 	1 	H
502 	202 	7 	H
503 	39 	7 	H
504 	248 	4 	V
505 	115 	0 	V
506 	76 	7 	V
507 	102 	6 	R
508 	156 	1 	R
509 	236 	8 	V
510 	73 	8 	H
511 	168 	1 	V
512 	146 	8 	V
513 	131 	8 	V
514 	195 	5 	R
515 	14 	9 	V
516 	162 	3 	V
517 	110 	6 	V
518 	55 	7 	V
519 	18 	0 	H
520 	160 	8 	R
521 	143 	6 	H
522 	177 	7 	V
523 	72 	4 	H
524 	157 	9 	H
525 	226 	9 	H
526 	64 	2 	H
527 	105 	8 	V
528 	69 	3 	H
529 	29 	4 	R
530 	95 	1 	H
531 	3 	2 	V
532 	43 	8 	R
533 	58 	3 	H
534 	87 	7 	H
535 	97 	4 	H
536 	230 	8 	H
537 	245 	2 	V
538 	9 	9 	V
539 	148 	5 	H
540 	160 	8 	V
541 	52 	7 	V
542 	42 	9 	H
543 	137 	3 	V
544 	95 	1 	H
545 	189 	6 	V
546 	84 	0 	H
547 	244 	7 	H
548 	63 	2 	R
549 	246 	4 	V
550 	166 	9 	V
551 	81 	1 	H
552 	104 	5 	R
553 	165 	9 	V
554 	250 	6 	V
555 	76 	9 	R
556 	130 	0 	H
557 	89 	0 	V
558 	139 	8 	V
559 	105 	3 	H
560 	174 	4 	V
561 	39 	0 	H
562 	201 	3 	H
563 	210 	4 	R
564 	107 	9 	R
565 	24 	6 	V
566 	5 	4 	V
567 	80 	4 	H
568 	129 	7 	V
569 	60 	9 	H
570 	103 	5 	H
571 	96 	1 	V
572 	121 	7 	V
573 	152 	9 	H
574 	153 	6 	V
575 	137 	9 	V
576 	114 	1 	R
577 	78 	2 	V
578 	37 	8 	H
579 	155 	3 	V
580 	32 	9 	H
581 	13 	9 	H
582 	142 	6 	H
583 	170 	5 	H
584 	88 	6 	V
585 	100 	1 	R
586 	57 	3 	H
587 	107 	8 	V
588 	101 	7 	H
589 	54 	8 	H
590 	138 	6 	V
591 	122 	5 	H
592 	232 	3 	V
593 	0 	0 	H
594 	64 	7 	H
595 	107 	3 	V
596 	70 	7 	V
597 	187 	9 	V
598 	137 	4 	H
599 	61 	4 	V
600 	146 	9 	H
601 	223 	3 	V
602 	125 	9 	H
603 	45 	9 	H
604 	187 	8 	V
605 	201 	4 	H
606 	122 	5 	V
607 	34 	4 	H
608 	116 	4 	R
609 	217 	4 	V
610 	32 	2 	R
611 	221 	4 	H
612 	101 	1 	R
613 	245 	1 	H
614 	127 	3 	R
615 	156 	4 	H
616 	202 	1 	V
617 	44 	2 	H
618 	202 	3 	V
619 	239 	1 	H
620 	7 	1 	V
621 	0 	5 	H
622 	186 	8 	V
623 	168 	9 	V
624 	235 	0 	V
625 	195 	7 	H
626 	34 	6 	V
627 	143 	0 	H
628 	229 	9 	V
629 	18 	9 	V
630 	26 	1 	V
631 	192 	2 	V
632 	75 	7 	H
633 	109 	4 	V
634 	122 	5 	V
635 	247 	5 	V
636 	92 	3 	R
637 	225 	9 	V
638 	196 	8 	H
639 	40 	2 	V
640 	238 	2 	V
641 	147 	3 	V
642 	127 	5 	V
643 	84 	7 	V
644 	57 	1 	H
645 	222 	9 	H
646 	96 	0 	V
647 	31 	0 	R
648 	218 	7 	H
649 	152 	1 	V
650 	75 	6 	R
651 	242 	3 	H
652 	38 	0 	V
653 	76 	8 	V
654 	80 	3 	V
655 	164 	7 	H
656 	250 	1 	V
657 	69 	8 	H
658 	222 	5 	H
659 	144 	9 	V
660 	228 	7 	V
661 	220 	3 	H
662 	42 	9 	H
663 	43 	9 	V
664 	34 	9 	H
665 	109 	5 	V
666 	153 	8 	H
667 	201 	7 	R
668 	155 	0 	V
669 	196 	1 	H
670 	100 	2 	V
671 	112 	6 	V
672 	230 	3 	V
673 	150 	7 	V
674 	47 	0 	H
675 	12 	3 	H
676 	139 	7 	R
677 	47 	4 	V
678 	101 	7 	V
679 	10 	5 	V
680 	144 	7 	V
681 	183 	0 	H
682 	149 	9 	V
683 	199 	1 	V
684 	121 	8 	H
685 	188 	7 	V
686 	13 	5 	H
687 	121 	4 	V
688 	246 	8 	H
689 	164 	8 	H
690 	245 	8 	H
691 	106 	4 	R
692 	168 	9 	H
693 	214 	0 	V
694 	199 	3 	H
695 	100 	7 	V
696 	235 	6 	H
697 	114 	8 	V
698 	115 	2 	H
699 	244 	8 	H
700 	68 	0 	V
701 	147 	5 	V
702 	41 	7 	H
703 	40 	0 	H
704 	198 	4 	V
705 	178 	1 	H
706 	172 	5 	V
707 	91 	1 	R
708 	49 	6 	H
709 	249 	1 	H
710 	216 	7 	H
711 	49 	9 	H
712 	143 	5 	V
713 	236 	1 	H
714 	91 	5 	H
715 	231 	0 	H
716 	103 	4 	H
717 	53 	4 	V
718 	132 	9 	H
719 	243 	2 	V
720 	101 	6 	V
721 	104 	8 	R
722 	158 	8 	V
723 	76 	2 	H
724 	68 	3 	V
725 	71 	0 	V
726 	126 	0 	R
727 	37 	6 	H
728 	35 	3 	V
729 	168 	4 	H
730 	24 	5 	H
731 	32 	8 	H
732 	79 	5 	H
733 	21 	8 	R
734 	17 	1 	H
735 	176 	8 	H
736 	137 	4 	R
737 	150 	1 	V
738 	35 	8 	V
739 	75 	7 	H
740 	179 	0 	H
741 	58 	3 	H
742 	209 	1 	V
743 	93 	4 	H
744 	166 	3 	R
745 	147 	6 	H
746 	82 	9 	V
747 	33 	5 	H
748 	244 	2 	V
749 	110 	7 	H
750 	9 	5 	R
751 	116 	3 	V
752 	45 	7 	V
753 	160 	5 	H
754 	234 	4 	V
755 	153 	7 	R
756 	52 	9 	H
757 	1 	0 	R
758 	160 	6 	V
759 	12 	0 	H
760 	80 	7 	H
761 	173 	0 	H
762 	202 	3 	V
763 	108 	6 	V
764 	127 	9 	V
765 	43 	3 	R
766 	5 	6 	V
767 	210 	1 	V
768 	175 	4 	V
769 	121 	2 	H
770 	51 	6 	H
771 	134 	8 	V
772 	211 	3 	V
773 	25 	1 	H
774 	213 	7 	V
775 	32 	4 	H
776 	43 	1 	H
777 	124 	9 	R
778 	168 	6 	R
779 	179 	6 	V
780 	148 	1 	V
781 	217 	6 	V
782 	192 	3 	V
783 	128 	2 	V
784 	223 	4 	H
785 	107 	0 	H
786 	50 	8 	V
787 	185 	7 	V
788 	17 	5 	V
789 	58 	0 	V
790 	190 	0 	H
791 	213 	0 	H
792 	35 	4 	H
793 	103 	7 	H
794 	222 	7 	V
795 	162 	7 	H
796 	131 	2 	H
797 	141 	1 	V
798 	209 	3 	H
799 	13 	7 	H
800 	109 	5 	H
801 	189 	8 	R
802 	114 	0 	V
803 	178 	1 	R
804 	188 	5 	V
805 	97 	4 	H
806 	5 	5 	V
807 	20 	8 	V
808 	234 	9 	R
809 	207 	0 	R
810 	128 	5 	H
811 	195 	7 	V
812 	213 	9 	V
813 	11 	9 	H
814 	75 	9 	H
815 	148 	2 	H
816 	237 	8 	V
817 	20 	8 	H
818 	46 	3 	V
819 	130 	0 	V
820 	142 	1 	H
821 	11 	6 	H
822 	110 	0 	V
823 	134 	6 	V
824 	51 	3 	V
825 	75 	0 	H
826 	3 	0 	H
827 	75 	2 	H
828 	146 	0 	V
829 	180 	5 	V
830 	164 	1 	V
831 	114 	8 	V
832 	181 	8 	H
833 	50 	8 	H
834 	192 	8 	V
835 	61 	8 	H
836 	135 	3 	H
837 	94 	0 	H
838 	91 	3 	H
839 	26 	3 	V
840 	243 	6 	V
841 	246 	8 	H
842 	30 	2 	V
843 	80 	8 	R
844 	249 	8 	H
845 	170 	3 	H
846 	161 	4 	H
847 	238 	0 	H
848 	206 	0 	V
849 	240 	9 	V
850 	63 	5 	H
851 	5 	2 	H
852 	3 	3 	H
853 	139 	1 	H
854 	142 	3 	H
855 	141 	9 	H
856 	228 	1 	V
857 	8 	3 	H
858 	14 	9 	V
859 	210 	6 	H
860 	226 	1 	V
861 	34 	9 	V
862 	214 	6 	V
863 	204 	0 	H
864 	37 	7 	H
865 	197 	2 	V
866 	210 	8 	V
867 	21 	4 	V
868 	203 	3 	H
869 	241 	2 	V
870 	123 	4 	H
871 	245 	5 	V
872 	155 	6 	V
873 	30 	0 	V
874 	1 	6 	V
875 	150 	0 	R
876 	199 	2 	V
877 	47 	2 	R
878 	36 	1 	V
879 	54 	9 	V
880 	123 	2 	H
881 	119 	4 	V
882 	117 	0 	V
883 	209 	6 	V
884 	79 	8 	H
885 	239 	3 	H
886 	42 	0 	H
887 	233 	2 	H
888 	194 	1 	V
889 	142 	6 	V
890 	89 	5 	V
891 	237 	0 	V
892 	242 	0 	V
893 	222 	2 	H
894 	129 	7 	V
895 	29 	5 	H
896 	171 	9 	V
897 	247 	2 	H
898 	133 	3 	R
899 	129 	4 	V
900 	227 	2 	V
901 	109 	9 	V
902 	202 	1 	R
903 	179 	3 	V
904 	165 	7 	V
905 	205 	5 	H
906 	0 	1 	H
907 	34 	2 	H
908 	33 	6 	R
909 	126 	0 	V
910 	2 	1 	H
911 	139 	6 	R
912 	232 	9 	H
913 	72 	9 	V
914 	24 	3 	V
915 	88 	3 	R
916 	121 	5 	H
917 	241 	1 	V
918 	121 	8 	H
919 	202 	1 	R
920 	208 	9 	V
921 	150 	4 	H
922 	224 	3 	H
923 	9 	8 	H
924 	201 	9 	V
925 	212 	1 	V
926 	229 	4 	H
927 	125 	2 	H
928 	88 	7 	R
929 	219 	6 	H
930 	240 	2 	R
931 	97 	8 	V
932 	236 	3 	V
933 	21 	2 	H
934 	160 	2 	H
935 	149 	3 	H
936 	154 	8 	V
937 	105 	1 	H
938 	181 	7 	R
939 	151 	4 	H
940 	89 	3 	H
941 	71 	9 	V
942 	182 	6 	R
943 	82 	6 	V
944 	10 	0 	V
945 	24 	3 	V
946 	195 	6 	V
947 	121 	1 	H
948 	18 	7 	H
949 	102 	5 	V
950 	148 	6 	V
951 	195 	4 	R
952 	93 	0 	H
953 	119 	0 	R
954 	14 	1 	H
955 	125 	3 	V
956 	89 	8 	H
957 	26 	1 	V
958 	193 	9 	H
959 	227 	2 	H
960 	196 	7 	V
961 	124 	8 	H
962 	105 	7 	H
963 	125 	2 	V
964 	122 	2 	V
965 	128 	1 	V
966 	83 	5 	V
967 	156 	2 	H
968 	196 	7 	H
969 	75 	6 	H
970 	194 	8 	V
971 	97 	9 	R
972 	24 	7 	V
973 	98 	9 	V
974 	103 	1 	V
975 	247 	4 	V
976 	67 	9 	H
977 	157 	4 	R
978 	27 	6 	H
979 	43 	5 	H
980 	221 	2 	V
981 	137 	4 	V
982 	69 	4 	H
983 	236 	0 	V
984 	143 	2 	H
985 	185 	0 	V
986 	117 	3 	V
987 	192 	6 	V
988 	50 	0 	H
989 	123 	3 	H
990 	90 	0 	V
991 	243 	8 	V
992 	203 	7 	H
993 	123 	5 	V
994 	2 	2 	R
995 	129 	8 	V
996 	25 	2 	V
997 	192 	8 	R
998 	83 	9 	V
999 	231 	5 	H
1000 	229 	2 	V
